8.878395841045894 0.09603840705899813
15.381726655797806 -3.4918860198670956
null null
15.45757072914272 -12.95351167813616
-9.680908722184384 -6.676560337763981
-1.7400343750873652 15.689533970063355
4.270055870299743 11.221747825922229
-4.301225470391653 15.59120162157118
5.89270857716895 4.509234837152505
2.67614790566002 12.531946167299477
null null
10.247583151433961 9.157223582603706
8.867692052708094 4.47699279307167
-12.256524472820473 8.894481777528647
7.645564243284291 -8.419547204429698
5.95367748499141 4.815255247912287
9.208156717282339 5.0149893373490535
null null
null null
12.623784283023777 3.1662145678231752
null null
11.398553366489462 1.8758877926382667
-11.48940243242166 -9.881651142173581
13.90574256407642 2.3710508936462418
10.43820576390722 10.872238977468871
-11.678157705185434 -15.946885224332298
null null
15.393267360121424 -6.645609737194764
-11.51949762213 -5.987271290851801
null null
null null
-10.923576784545112 -15.692993745504225
-13.007894999887654 -14.895728232459433
null null
11.495165998793858 -9.042508291632803
-10.737206262888055 2.61212132766628
null null
-4.257793150867773 9.26250158398188
13.863200048039978 -3.456016029273659
7.094359365460264 -1.6794658644167733
null null
6.547000229854806 6.291065357033805
-0.7786012871780201 12.849159261758146
null null
-9.896348774231438 1.1132048241459493
-13.364731219119474 1.3729332372770955
null null
-13.295837163291694 -3.819107780306055
-14.541148929919409 3.613452818904708
9.60386399709158 -9.7138553339032
13.282227067737633 -13.151232784115276
null null
11.556226702330878 15.371835450822235
10.18894907923649 -11.921528250471823
-12.131467799976832 -10.61855629552414
-15.099788596277016 -2.7229624463801443
-7.2361569423479395 -3.294780482590621
null null
13.442393887801945 -14.630099425991613
null null
1.4028538023986634 13.908204846066596
-15.150498058216439 10.026945425518377
-14.25850747965395 7.653280638157181
10.185434081091685 -8.709524976252862
8.35080110363495 13.052960907007591
11.959616870565522 -7.140484777854759
-13.208032340868847 -9.182695113000673
null null
-10.853127889475594 -1.5058599411159754
-9.089639601582004 -9.41085029374102
0.6865263177725822 15.848600387998427
9.955101710845852 11.993110549724047
null null
null null
-10.447996830341083 11.68160744881363
0.5566921911839984 -14.327536877915197
null null
null null
null null
-15.994384541908879 14.170103035744447
-9.294594846794975 3.2253413356993335
-10.60052990045871 -15.490177536834299
null null
9.232142073148776 6.3284696180571025
7.812031088343488 8.704726251371458
-15.367166216796218 9.627390212376913
-5.1223739525928735 -13.47033890422939
-15.831702255160028 -14.332287066320209
14.958028819473125 -10.731530801133054
null null
-10.448381814156544 8.496202367111877
null null
5.722185781348692 10.80367255689628
9.04004130386938 -14.140721342941262
6.218911956971358 -14.474014423633918
-15.93182319944055 -9.43384042259287
null null
-8.530756993506383 15.84418342529365
14.88923255883254 8.459710130587482
12.482396003088414 -3.962613699317476
null null
5.918818819840762 -14.87519589227793
-12.815961256368286 2.4064140477946516
-12.99221776600979 -0.5225339309204173
-15.839528325669026 -5.301667747165908
3.2637334531561315 13.651298427000054
null null
9.914452851563702 -1.5799414390252018
10.44740207218788 10.960216991141941
14.461562588631352 12.53363256838658
7.405170266372444 2.2593578101663816
null null
7.115089450164145 -8.373034135692563
null null
9.17900598718348 -9.3739741494572
-13.945632496841988 -11.552254954760738
12.18829153484009 5.099699632595982
null null
10.310984607798211 -14.110518195499406
13.781506047657007 8.107900800666034
14.274461238918015 -6.336994698358968
12.239318015466274 -12.97641868945847
-4.606936085786 14.539971722526364
-11.539699305252867 13.99790147384234
null null
null null
-8.255158601801476 7.224933840860253
-14.687728664294596 -1.8592225327364957
null null
1.1980558050104442 12.760746885348471
-1.8415442477845367 15.917000041165924
-1.8044495663442284 -13.868354926343162
13.59898696585271 -3.299118430701956
null null
null null
9.918633556892992 -0.7152878233970199
null null
-5.219784487271166 -11.596212928786422
2.7480561760146287 14.34496815398711
-4.7251636613423 13.454106599194656
8.570887629942963 0.9946327717252252
-9.667223641128583 9.559150519771283
-3.7724919769307697 12.6601794258832
15.922447382258415 14.653537615364801
null null
7.308719963928976 1.91814475541792
-14.558293609835165 14.975156904532323
null null
null null
5.2295001939474375 -6.674233469948284
2.349915587755685 14.648715069465311
9.25079717417487 1.305002845864088
11.93753787256044 -11.086328189590297
-12.047796849942781 -6.911575425030026
12.581878110493705 -8.133003489472216
null null
-6.821117674911015 10.790642052359548
-7.380958862046718 14.373876718558261
null null
null null
null null
-6.484950595340003 14.972489770295049
-8.245665767994897 -15.542206922787361
null null
-10.31720960837098 -2.232301320884641
-12.041015361384911 -3.4551721422725947
-7.481345503827377 -4.828459846363536
null null
null null
null null
-12.906202611191368 3.157455984248596
-15.881227203952083 11.453932336161134
12.665413895354884 -12.099886475613605
-3.4878997905786875 -13.506243962679449
-1.5579034930028897 10.955579535777684
null null
null null
8.410347432023752 -3.9206402788367427
-5.285387183782422 -15.931775999557047
6.429111685166852 -15.187948727833746
-11.408619880368104 8.793437980992874
-14.551121047513558 2.9561887568028844
null null
8.52658393271832 7.108997209789994
10.142362394226222 -7.0308570536952
14.39066803468269 -7.378881269264195
null null
-9.106105436560767 -4.656344756550087
-4.630950908037583 -10.397755298199161
null null
null null
-8.317740898548426 13.176574772500384
null null
15.041166605535519 3.297775887129081
4.6147684343516495 13.587037562061706
-14.816099487337159 -8.948181272625686
13.562428832597899 4.781097521615727
-9.815757759884004 -3.7597607441602285
10.784781873709388 -0.2728732237708691
-13.322951634213947 2.125215130009927
null null
null null
null null
11.991645999334121 -7.133559250348739
-10.271913604564443 10.960536378957315
12.53527315623105 -9.915719823174271
10.350849227191695 -10.253059276857908
-13.079243832841453 -3.5400736121808087
12.806180286529752 2.44077261388788
null null
-11.79777374094882 -6.096660248575763
null null
null null
-12.545059045217393 -15.105125856043898
null null
null null
-14.945259145198143 -0.29807950039587183
9.7708730867155 7.687586182069918
-13.871787751190453 14.765603366085095
10.591833961509916 1.2058985089972616
13.061802873783801 -5.145960388312464
-8.434564299795806 -7.81647271592832
-9.699199096534727 -6.570206738392088
-11.569341497101174 14.614080467129963
-12.589113993376252 -3.0089118822884338
-8.35069366523873 -10.989952793358313
-7.539137686663899 12.046009016595438
-5.355409712901562 12.217829156369199
-12.911966431476017 8.342829686522766
null null
13.583142227582805 2.232458905033127
null null
-15.136964961381075 -8.179779385870422
-12.47325638819607 10.665630246199015
-14.269533135346428 -11.654554769524683
null null
4.351711650312211 10.008608062836359
4.564988790698237 11.90763136624938
8.413884967093793 -8.75302543000521
null null
0.9551560839494861 -15.758999181504642
13.51721491524243 5.920406116759015
-11.607747301929688 -1.7850568886428135
null null
3.8009241551752773 15.87642120296221
8.473367933646923 -6.417499127235661
4.036283412839662 -14.879098273005322
null null
7.8111817567402895 11.90833259293504
null null
-8.617957980908098 -14.99959969764624
null null
9.02280327817742 -10.971852870853105
11.941292954136404 -14.127531955979435
12.998897137912131 13.140908094378442
13.78541982654415 14.30317149020992
8.284422615345637 6.268812120207457
null null
10.796922938638922 -13.187688693366209
-15.435960134760691 -14.722851169677217
8.455440385235981 -3.6465290964236807
null null
null null
10.349272385254661 7.455081862222983
null null
13.815068006596775 -12.43409355531918
null null
5.328000631071603 12.555004136893164
-12.275198460732387 -13.574136335807971
null null
6.249522613846462 12.279721373958157
-6.751625122478032 12.06488515460693
8.914162614851225 14.819936155813448
-7.97784224426567 15.307277476781053
-13.944400641816632 1.4738024295923182
null null
null null
3.6067943235169473 -14.460176751320478
null null
-9.711160520584066 -11.199194712201155
13.518897082241072 10.308537689686819
null null
null null
null null
-14.886588743939836 -3.344483702647583
-13.819230107795406 -1.096505217833883
null null
null null
null null
-12.136987950861673 -4.0353018344227145
15.910459139534375 12.099876836649464
null null
13.20618678810952 -12.987572088032238
null null
null null
null null
null null
8.531576824104771 15.374477300534021
null null
3.2045158187594396 15.562757565251488
-13.368430916288535 4.142664918329427
-7.570413724274907 -1.2891652774996132
15.634286478009567 5.2805479577879275
null null
null null
null null
null null
2.397860151241531 12.428063179172124
-9.61639652410291 -3.446731407828711
-9.165192903455956 -3.6323235749793525
6.548194920071701 13.302352427269117
null null
-13.744197155406699 -13.453478550134342
-0.24717756894584042 12.825016885029434
-7.409178011797373 7.596483299480916
12.5083372138159 5.03207183499234
7.290693467681759 9.315923618727492
null null
null null
15.143022180355732 1.7071209292255851
-9.782101063421685 14.730305249413021
8.474139312852 -6.970647836771821
-14.127814605906416 6.358965312971524
12.109191991387764 -11.55073241471197
-8.772484585566936 -2.1820656374793295
-11.364334805881416 -1.209634976306301
7.562838754959564 -1.971856836745566
null null
-11.172679875620236 -10.773495683345928
null null
10.893801868821978 1.4290027095030986
null null
null null
-1.2753809182915141 15.99489497214919
7.502903030205477 7.296149770436884
-9.815614220529973 -15.774718544459077
-10.051071558477261 13.26487076243546
-9.176034634531675 4.944398227754263
-7.698093917983947 -5.601998581896652
null null
null null
null null
2.8874244598030145 -12.3635755651569
null null
-15.929483698341517 8.19009740064692
12.100647960850754 -10.212642703133895
7.6412993603189 -10.461046632644518
14.574631465084 11.748699986269166
6.607418065596139 -13.362025797665204
-9.202163092042987 -8.569705648457859
-12.354576225133023 11.268587814649297
12.283994518506269 -13.461068685246786
-4.047776171317608 15.150289267333044
null null
9.536017135318762 -10.723835108825195
0.4360131617785541 13.042787383353637
11.752370293216462 14.567051965080243
7.159057314802041 6.99918548303642
null null
null null
-7.599047663235481 13.910440483733996
15.143083577528543 -10.94363972133819
15.994986640531998 -9.22001828336862
null null
-13.838487928326686 1.940499552420917
-12.053502411117282 -1.8798054667448696
0.9483028829734934 12.984551080769975
null null
14.16977610605975 10.790911933302134
null null
-15.157302969633438 -0.3134825520423057
10.053936676757925 -14.896341059735725
6.437348913204989 -2.190148633134502
-2.1222914616753066 10.43869925937334
12.531075164139846 9.801758857192308
8.711912290601319 -9.758591239384629
null null
14.500309612765427 8.689251224349778
-3.725140251861916 12.942378632602459
-6.490928732544358 11.368936733745713
-3.787942369809784 -14.700899949757247
null null
null null
null null
-13.317630796500964 8.476953669487138
8.10849663374644 2.802084230184903
-8.460926313328034 -13.22560763020498
-15.37616894718452 12.491057294241703
null null
-9.12482528855459 -15.381537395448618
-6.178750811699544 10.362796783086893
10.067106146744244 8.75099221595951
9.507887925383116 9.896368088373201
null null
11.740489657864092 -2.215668545169727
null null
-12.668369570384922 15.626397580987092
-5.607318484342628 11.814033269293343
-7.7783819957472815 7.615103740767939
-15.960875844787765 -6.020769245949609
-13.509169563049479 -9.58425604940205
-7.360338347197107 9.782845812521618
null null
null null
null null
null null
null null
8.158785398818086 -5.930360104254099
6.98135678322253 11.584424295551823
null null
null null
0.6509845920401283 15.203942598313265
null null
-10.219317951418688 -4.058308635803353
null null
null null
null null
-13.35099304540968 -6.937095089665824
null null
6.059338942113364 2.328383786787949
11.97295091291275 -15.421491077001189
-11.292058761080288 1.9043043818906362
-13.714465175654784 5.839691675836338
-15.308248560177773 0.48969503547608184
-15.501496156021314 14.93667099435957
-11.83133161085733 15.441780391589244
10.652682887547765 10.566628547050893
-6.740654349679762 -14.959643720259319
-8.870685671746934 11.821573808012293
-3.0124191654471133 10.633787670852122
11.732185129747968 0.0684878560795319
null null
null null
-8.268210312642978 -8.997081020106634
null null
-15.41538684006316 3.775657450215199
11.591342295487468 15.413289332008222
12.97783592681128 -11.796196127847224
null null
null null
7.028235707276199 5.089942896470713
-9.631392613245609 14.702341456795239
-6.652484400021677 9.144074030843377
null null
15.35748264623582 -3.407545950843037
null null
11.196832914436037 -9.168729006767492
-7.137110494490809 15.499545964170611
-10.093377133514736 13.234861836501235
8.436514264741323 4.366987035692755
-9.972646355426829 6.387237354315275
7.943680442422949 -2.393350595333029
15.863081400910474 15.929113259754981
8.958233505876606 -3.3071048361268005
null null
9.5068200536202 14.004206976236343
-8.806121209944315 -13.792438627765584
-14.964901811391712 9.773813659553277
1.2871440233404883 -14.262222497028713
14.73189046612952 -8.04779202600777
null null
-7.717438192829171 11.966913195115236
-10.95245654675022 -8.163288020263352
null null
-7.348527642071421 -2.306026894637199
11.546182032823733 8.85390164580728
9.829884196210461 14.059682883156082
-5.828244315261298 -9.333469835850664
null null
-10.934044540672442 9.199551409268373
14.798912720833773 8.376321402180384
-10.35164776636622 -15.52209247768593
null null
11.2988601336708 7.021553287439328
9.147765039629295 -0.5858467683778024
-12.26318563678036 -13.89920357378638
null null
1.524598430780248 11.89669999491134
-13.92471064624953 2.030895015397167
12.048350701673336 -9.916857516126893
0.8407414602095145 11.292943102099372
null null
15.70283152936235 -7.470671829681791
null null
null null
-3.69611881232721 15.400499424478838
6.055459185656694 11.639751396157155
null null
null null
null null
5.232650838487604 9.395011389548703
null null
15.254000266463628 -13.013395984417173
3.4559420519095596 -13.969058163027363
null null
-4.692585355705649 15.514210889419417
3.401772310256227 12.39803695929422
null null
13.18097473755763 -1.0176007190064347
10.59905088564916 15.859127984217206
null null
null null
9.211620756046702 -1.7356707795960915
13.941480789570157 8.466886983625628
-11.037934043200032 -4.966678550725899
7.204181924563986 -10.30364992747479
null null
null null
9.828806214518476 11.592012125675623
-11.139092216394545 -6.434407589238624
4.718977341788797 13.11711206516673
15.42394485589882 -6.33262135610612
11.650700343092957 9.511383478698143
null null
4.098042852936352 -12.692606105625956
null null
7.281807891079019 -2.718055801916737
null null
6.954183923590367 -0.46224799833425934
6.648551023944503 8.321125408640228
8.336740210930607 -4.7349050318018975
-2.9859602761931754 -14.363042390466937
6.111187459111182 10.1218905942232
null null
8.893571642822366 -4.048052138028769
null null
13.153804637410165 12.342352141375368
-13.09763716552294 -6.173494448779547
-1.9262942902213922 -14.697774519990247
9.651710242838934 12.470094782829666
6.367965265810639 13.126328389077528
10.978775185139536 3.5742785120076412
null null
-7.475163465215701 -12.176050514350791
12.24544981559188 -5.010949291142055
2.499551425094502 -13.177311497537179
8.623988197659262 5.768919107090635
9.320263907186963 -2.156566015857898
5.678009338565364 13.369759775644457
11.83581253869124 2.2801137596113676
3.449705134858675 -14.181001267564216
14.456130324699597 12.035585605438563
-6.034057814109097 15.48524896604648
7.540182152032131 -14.6375130155092
null null
-9.573987189765589 7.954854239650842
-14.233877736565187 -1.1740092301709275
null null
-13.920972414611459 -9.834595879718915
null null
2.104479876064623 15.419837983550096
-5.205992058291439 -13.789791382582749
14.779900145816445 1.5233029435495702
4.8479334756490005 9.651473816644277
6.577939193507092 15.988305402818533
null null
1.7858459519498062 -14.582447113042061
1.2859380759418428 15.372234608966373
-8.129197815509198 -15.879574548925003
-3.2907451715246054 -14.73549371634574
-6.075612810749437 10.616441654547952
8.977705753947188 8.133751119148105
-12.28940764987534 -13.410809624508726
1.737661204424004 -14.949610679397992
7.373044703016678 -13.364536522499783
7.009070101314894 -13.144559388948657
-12.611649750999138 -2.0644391419690358
4.546413745266612 -10.893770127556934
-9.11626607262387 -7.248006000341274
-15.115249836250026 7.784587261797974
-10.031624213257032 5.445064877941238
-14.13911401817223 10.221616127260738
-9.740885055443652 15.475050151582607
11.43096754621764 1.974406537217856
11.312434773275662 12.641963574276303
13.637025930963063 -10.328719880140259
-12.794107458780598 -3.404876019322103
null null
-10.956592207182272 15.426005322118169
7.498157086302559 -10.717979069508448
13.690071784605951 13.939096690309103
10.34555127927987 8.901199178985802
null null
-13.232523025157494 14.048456676483589
null null
-5.437714098660312 -9.114646386487983
-10.678705962837714 -4.449528575114318
null null
null null
null null
null null
7.687780186210308 9.402313515750048
-12.068366438952776 -5.7755822808007515
null null
13.811796457565286 6.205034833589934
-4.3831085993362535 -12.456553043803613
-9.545204093765893 7.866915171399256
9.867069079686154 0.7684819023351714
-8.463525296296552 11.350262975409414
null null
13.555547347715134 -5.059015203121074
6.137238023844862 -13.95333117014405
-13.795507600539029 11.489103380000138
-10.017078042539168 -14.13600497961978
10.075430337737124 0.579395874944737
-12.966927322909033 6.3798623603154745
13.912908784523808 -10.794759318988653
-7.356106519613718 -14.510853598103324
null null
null null
null null
null null
null null
-12.610019399451872 -5.950945128078541
13.336192285944364 15.260549082045305
4.32698757572982 -11.014345795342372
null null
null null
6.062845131446387 -13.149065444210489
null null
15.506374811453902 9.877634283680766
-5.556824416220337 10.999492963014312
4.634289179022261 -14.586317522448105
null null
13.793967229529905 6.683713922709554
-10.097046870295241 -14.918618854474566
null null
-11.327894467551268 -12.672986921299163
null null
-9.152047937225966 -1.035310739570626
7.994178199533486 13.34088697184417
8.199181277167945 7.413089788582582
null null
null null
null null
null null
null null
null null
11.580020291246566 7.904392682874288
6.179653963539909 -12.895945356134224
null null
10.74250129346386 7.143147209720059
-7.313035205135055 -11.584534849163276
-11.439518426123826 -2.3436862632135096
null null
null null
10.276319993736895 11.684636214553905
14.170023773132908 15.814162337043527
-11.544890903500324 -10.054523945403794
6.596615819877641 0.7338772238191176
10.557386069745917 2.4185692630752484
7.063373284500386 0.07485748899971512
14.412823213630496 7.258227645839579
10.626681634059068 -2.966228038366488
8.556091503577733 4.637491751259017
-15.054242799189662 -14.463359159895415
null null
12.048781971985697 6.994268849101697
null null
null null
-3.3531233437671943 12.629717221839314
5.577791239150741 -7.074243441794422
null null
null null
-4.754135805715968 -13.610389644102181
null null
-8.500050436789795 13.112547020381893
8.244335583797213 -8.744209806862067
15.480864678815717 -4.545967483674218
7.744469680800364 10.232296087887025
-4.2153712157342085 -13.419939747492425
null null
-15.425596813668633 5.272575144985645
null null
7.641928490591837 -8.331677673099929
1.6327931957561646 13.950464698709979
-7.87963482118634 15.97257618755864
14.834790360951601 10.34600649432814
13.185441565855708 -0.9762682878475282
null null
9.613081142855716 -0.6340140169459083
null null
11.592916694016001 -1.731424080839389
-10.355566135008502 0.259100707115671
-13.271638075649879 7.9113132170121645
null null
null null
null null
-10.5185112682422 13.755646104835922
null null
-10.055690603462683 -1.644121807402474
-8.894704648431052 -13.052182480038624
-10.612842868183439 3.9817531508038186
-7.4403877708280355 -10.786545357899431
-14.903238144476223 -5.212533654672185
9.479648447914844 -7.273636215001318
8.746370189223995 2.1852636559885887
14.447979789795102 -9.896751919828326
-15.61471256740765 -7.027644187008086
null null
-8.81471205803238 14.506923975983469
6.983834280072173 -9.674722565923435
-3.344202751880239 -12.81578651403715
-9.239401208188209 -8.160244297371918
-9.428969013558657 2.244930416917427
-0.8386165313584542 11.611411253494687
null null
null null
null null
-15.508778953854314 10.868646489682654
-9.236579694334399 10.41388796760597
8.193869050025022 -7.472548426809759
-6.010240710800165 -12.315404619889659
6.065058509639233 -14.32134818790847
null null
null null
12.981345619861514 -12.097980365624029
null null
6.854619189143136 2.095997502686817
-11.8571234020474 -5.326146426950473
null null
0.7129450672628153 14.933559919537057
-14.226722254014643 -15.349292483171851
-9.83318777700773 -2.5799270785747304
5.719737947488987 -9.140615574175904
6.173391536878306 6.469632717924281
null null
12.709083632032847 -15.94740906315451
null null
null null
6.868367391205382 -10.63829572914289
1.7174955535577432 13.14010073259496
null null
7.11061525160531 12.176901419282988
11.980790805057513 -7.219850764606914
7.490788902651762 1.4993751758559917
-15.51939551568211 -1.7360377380530458
-6.610223873518844 8.04720323780013
-3.8360216292876004 13.121278792532138
-13.556435660637185 3.715319204975085
9.002208807433277 -2.810933053406572
-3.7640423077727654 -12.476779489729406
null null
-12.533090035676025 -0.7901519064884788
null null
7.954375140941085 -13.823110772971674
15.604953262633973 -9.691847487156746
10.00973065755397 14.984592996584624
null null
null null
11.055876482207651 2.7072884483979536
13.005779069749416 12.162436187919727
-13.010818294410047 -8.230719828216767
null null
10.623566979924071 -10.68631221792998
-14.228607790711497 -3.547128160517804
-15.926148462448218 7.170024282414452
null null
-0.7049916557553466 -13.636291788670682
null null
-7.456644367288476 14.18800805499141
null null
null null
9.9709141983178 11.401541499191037
8.603575704514483 -0.08343785936575898
9.007230155753184 -12.56463546037805
null null
8.11988172032854 0.033687925129886054
-13.380191836822007 -14.705544134579903
1.0882869655259206 14.145435420461112
6.0189748012131865 -13.397241692075234
null null
4.56577185576333 -13.295438254133781
-12.860592171782073 0.9466949787240004
15.266417649544078 13.698224632154552
-0.7920606599041626 13.378785484921458
-7.900433552211322 10.402598687886375
null null
-7.676529699710411 8.959766860840457
-10.859405803502721 -9.715116785729318
-9.608418037664155 13.900949393284442
-1.691398290199622 13.279509609806599
-9.561511475663064 -8.823452216849638
9.7769717292149 11.539568547989603
null null
null null
null null
null null
null null
4.201507921477397 -11.144781372246094
null null
-14.350794514960995 -3.8738456049639396
null null
-3.2362613625373022 13.702615796827583
-5.855019672523046 -8.86056451082932
10.531095558374151 -13.51722234379421
-13.993038078052777 -13.151120656729375
13.683052551377713 6.078943218929449
null null
-1.285985705639444 -14.306447520926287
null null
-14.335029055669676 8.37095575201057
null null
5.089620721946336 9.704046831990588
15.192910852020237 -9.300511915752978
-15.351066728260317 6.356115518963669
-6.867820337902575 10.67114891582489
null null
9.359618993230143 -11.945191405006526
-13.83010165404541 -1.1259915827582034
-4.932998733108548 -9.18215906464414
8.90877321488664 -12.671140394580167
2.5840590005578044 14.783569473552351
8.003153797723744 14.23408561320279
-0.6897706733293489 -14.279605969239547
null null
-12.149477282883144 7.442909154718404
-11.782680658097664 -14.51525773565389
9.879946063932547 -5.511501113721341
2.435806765095162 12.663496642849903
-6.207872338202719 13.714122180258528
-10.239434268387143 12.668716267914071
9.719076102874244 -2.060727271103591
10.399388738322966 -6.866004025138906
null null
14.705024674245774 12.189818086931155
-12.969865077566663 -3.3011526776971145
11.075259180978378 6.173486707893591
5.825697049674961 -13.268711675152762
null null
null null
14.028773612658743 -1.8775953015642308
0.9573600133670723 -15.881880797808595
null null
-1.989288377884865 -13.948372338765015
15.510238411670763 -14.28104295098698
12.302119192054697 -8.54667060862969
-12.411152895921045 -1.451394995852965
-14.451716575862804 11.852619232907905
0.6124124654757992 13.839873751502303
14.892225807739084 -6.8892529869563575
null null
10.789558814501312 8.329216598802127
12.148714502528286 3.9149886244019996
-15.215568137550179 2.75260521856249
11.916508999526705 1.0975855579392189
null null
null null
10.796099300491335 -15.925313986437175
null null
11.739961965349448 -8.286648782453131
15.694807193894924 -7.383035518352518
6.243273787657021 -15.243451321069276
-9.758972710372277 -15.181127053932673
-6.8451448726942985 9.329379570436043
-9.571593806570778 12.533843999422047
13.80570013913362 -6.2581665743778
12.321402969452471 -9.40436504264575
-12.303725486609242 -10.870144553860499
-12.154922492207586 10.53092154416898
null null
-5.955422674056042 -8.915064369125528
null null
null null
null null
null null
8.13458019226097 -10.281632846147566
-3.890187883139909 13.94890413550592
null null
7.160416844134051 -3.0986350575238397
8.755608057306727 -4.8146727261698565
null null
8.637606958674287 -13.743607345039973
-10.67367641007733 6.263157936299539
7.4783594297614115 -12.572934835059208
10.75931599275237 -1.3906862421744037
null null
null null
null null
-8.653828569607139 7.686631785412718
-14.86976034276465 10.276074760933316
14.997682604915084 -12.933462051144929
-12.470848997037088 2.732394523999279
-4.104797871679274 -15.317739391720966
-7.1100814102386565 12.84991867725434
6.407635364410307 15.347930424848556
14.030371540635766 5.165068599091324
14.35464067242905 -9.687601319261283
9.993082613506392 4.345458209148418
3.8700493787545227 -15.707370303036967
-15.977783183034358 9.483793588573864
-9.35332428902423 -11.120082451539457
1.1409898167786672 12.034626638809684
-10.61620991885206 -1.9457085661258553
null null
null null
null null
-13.476100687188652 -11.714112068603285
null null
null null
null null
11.941863330828038 -1.6283259980172176
9.903236165789902 0.9732929789609166
8.838714674825859 -12.336323938023202
-9.993315176600039 -10.398448085429578
null null
-8.8461755379254 -3.469115745262755
null null
11.832044448464465 -7.26417368249324
4.833605957740438 -12.904681178418787
11.31100559891755 7.135545963870939
13.503673375736899 -9.234779718212646
-7.962207307370839 -12.330911631377209
11.459909831727842 8.554366844318857
null null
1.9227053314713238 15.291152642513222
-13.610189188502517 -13.104214301598827
-15.09791212973407 8.378205220184793
null null
null null
-14.876362279008646 7.549934562704344
null null
null null
-8.149366086541445 -3.187116506898562
-14.907305059096274 -5.578248492744127
12.809233136713338 3.6226444629739056
12.481565708624782 -9.244813238005058
null null
-4.70653692966339 -15.445635304653464
12.732880370251017 3.7705964722790952
11.480166095110565 2.4572866907917224
7.074236813394947 6.763399439386415
0.8926129335815567 15.545602568596092
null null
-11.951547042857339 4.8818642554902
null null
14.8810860711402 -8.3201423701891
null null
null null
-6.98963535493948 14.424618836796714
2.4801351054178085 -13.98496625339558
null null
15.381059223743087 -4.629524741625836
-10.106694289420261 8.768877129398852
15.42431031113717 -7.450431195643709
-14.058025786235486 0.7053891909793037
null null
5.977487182420823 5.892984778146484
-14.753596364738488 6.594532762526697
-12.756965634855941 -0.8879057213623867
-15.578448100179521 13.473255449176595
-7.43044964889242 14.665306875941358
8.689342933775386 7.475810824295198
-14.197386915103039 -14.924209101702314
-15.165196904341762 6.097440406271701
-8.608017743342888 13.189810077694762
14.370041709647786 1.6913557994959234
8.965043757075343 -3.581338949846689
8.315841768919427 -11.58251399309622
null null
11.820202126116563 4.648527715468575
null null
null null
-15.910574935158902 -13.503364562855442
-11.97093033452041 7.1065040405413775
12.332032178612081 -11.605554113534055
-12.843252729526895 14.937717647980914
3.349523504360434 -13.115596931157839
-3.3868606467010167 12.448773091138154
null null
null null
10.770874790812744 5.515577190142309
0.7378202628541359 14.910701378201558
null null
null null
11.748195938966784 -10.017359660883592
null null
5.612672515921272 -15.637617973731846
null null
-1.4258312097399823 13.954678691973854
10.808851895941196 -0.5546293268634841
6.826078747748454 10.832072548513867
null null
11.292254309112288 -14.074052722951727
-11.84712201810327 8.16746325870001
null null
13.745098242193595 -0.6085420844419183
-6.229793064555679 -10.861735837635859
11.939860934006038 12.448607369646766
8.62231422170099 -10.59891519729441
12.597382700338141 15.585758614374676
-11.880699553193981 8.802231733649549
-7.026947525596835 12.374846640661044
-7.83616025251531 11.768421131989236
-11.450619188808147 6.8550644793991395
2.58424352412786 -13.25771193275827
-11.074401323795524 11.306161673771904
4.981960865620007 11.761858120043172
-6.8981902564013176 8.528857578409689
-15.97118850512916 -0.40941658469041187
